"Story","Title","Result","Date","Stability","Duration (s)"
"Logout","Success Logout","SUCCESS","2022-05-16T20:40:00.6783208+07:00[Asia/Jakarta]","0.0","26.65"
